H 8 0.75 0.82
He 6 0.08 0.02
Li 9 0.71 0.60
Be 8 1.34 1.93
B 8 2.86 0.32
C 8 1.48 3.70
N 8 3.65 5.01
O 7 4.62 4.17
F 7 2.20 1.34
Ne 6 0.07 0.05
Na 9 1.25 0.69
Mg 9 2.11 2.39
Al 9 0.99 1.19
Si 8 1.96 0.66
P 8 2.33 2.30
S 8 3.26 2.49
Cl 8 4.62 2.57
Ar 7 0.04 0.03
K 9 6.01 5.92
Ca 9 2.72 2.76
Sc 9 3.97 4.24
Ti 9 11.7 12.2
V 9 4.80 5.36
Cr 9 11.7 9.15
Mn 9 7.53 6.51
Fe 9 0.73 5.41
Co 9 0.84 3.22
Ni 9 0.93 1.76
Cu 9 1.77 0.83
Zn 9 4.87 4.71
Ga 9 0.68 0.35
Ge 8 1.20 0.34
As 8 3.60 2.08
Se 8 6.44 3.65
Br 8 4.31 3.23
Kr 7 0.36 0.40
Rb 10 2.97 3.04
Sr 10 4.14 4.03
Y 9 1.65 1.78
Zr 9 9.53 9.68
Nb 9 2.65 3.04
Mo 9 6.05 6.15
Tc 9 0.52 0.47
Ru 9 0.24 0.36
Rh 9 1.05 1.57
Pd 9 0.11 0.10
Ag 9 2.68 2.32
Cd 9 0.25 2.92
In 9 2.58 2.09
Sn 9 3.35 2.76
Sb 9 5.16 4.90
Te 9 6.47 5.89
I 8 6.36 5.80
Xe 7 1.77 1.81
Cs 11 3.23 3.34
Ba 11 0.54 0.78
Hf 10 0.41 1.65
Ta 10 1.48 0.30
W 10 1.09 1.53
Re 10 2.36 3.83
Os 9 1.64 0.56
Ir 9 3.09 0.92
Pt 9 0.27 2.48
Au 9 3.47 3.65
Hg 9 5.97 6.21
Tl 9 4.61 4.83
Pb 9 6.48 6.31
Bi 9 6.47 6.37